alpha=0.500000
beta=0.100000
ntopics=100
ndocs=25918
nwords=31759
liter=2000
