alpha=0.068120
beta=0.100000
ntopics=734
ndocs=25918
nwords=31759
liter=2000
