alpha=0.216450
beta=0.100000
ntopics=231
ndocs=2771
nwords=14908
liter=1500
