alpha=0.067935
beta=0.100000
ntopics=736
ndocs=15404
nwords=24379
liter=2000
