alpha=0.500000
beta=0.100000
ntopics=100
ndocs=15404
nwords=24379
liter=500
