alpha=0.030395
beta=0.100000
ntopics=1645
ndocs=19279
nwords=31782
liter=2000
