alpha=0.073746
beta=0.100000
ntopics=678
ndocs=13196
nwords=37448
liter=2000
