alpha=0.500000
beta=0.100000
ntopics=100
ndocs=13196
nwords=37448
liter=2000
