alpha=0.500000
beta=0.100000
ntopics=100
ndocs=2771
nwords=17573
liter=800
