alpha=0.500000
beta=0.100000
ntopics=100
ndocs=10432
nwords=25563
liter=1500
