alpha=0.127551
beta=0.100000
ntopics=392
ndocs=10432
nwords=25563
liter=2000
